# Made in Blockbench 5.1.4
mtllib BetTable.mtl

o cube
v -0.14142135623730953 0.02598076211353316 0.015000000000000003
v -0.148492424049175 0.0295162960194659 0.008876275643042057
v -0.14142135623730953 -0.03464101615137756 -0.02
v -0.148492424049175 -0.03110548224544482 -0.026123724356957947
v -0.1555634918610405 0.02598076211353316 0.015000000000000003
v -0.148492424049175 0.02244522820760042 0.02112372435695795
v -0.1555634918610405 -0.03464101615137756 -0.02
v -0.148492424049175 -0.0381765500573103 -0.013876275643042054
vt 0 0.984375
vt 0.015625 0.984375
vt 0.015625 0.875
vt 0 0.875
vt 0 0.984375
vt 0.015625 0.984375
vt 0.015625 0.875
vt 0 0.875
vt 0 0.984375
vt 0.015625 0.984375
vt 0.015625 0.875
vt 0 0.875
vt 0 0.984375
vt 0.015625 0.984375
vt 0.015625 0.875
vt 0 0.875
vt 0 1
vt 0.015625 1
vt 0.015625 0.984375
vt 0 0.984375
vt 0 1
vt 0.015625 1
vt 0.015625 0.984375
vt 0 0.984375
vn -0.7071067811865475 0.35355339059327373 -0.6123724356957946
vn 0.7071067811865475 0.35355339059327373 -0.6123724356957946
vn 0.7071067811865475 -0.35355339059327373 0.6123724356957946
vn -0.7071067811865475 -0.35355339059327373 0.6123724356957946
vn 0 0.8660254037844388 0.49999999999999994
vn 0 -0.8660254037844388 -0.49999999999999994
usemtl m_1f6d58cf-3d69-58a6-22d6-6bef22c5ce6f
f 4/4/1 7/3/1 5/2/1 2/1/1
f 3/8/2 4/7/2 2/6/2 1/5/2
f 8/12/3 3/11/3 1/10/3 6/9/3
f 7/16/4 8/15/4 6/14/4 5/13/4
f 6/20/5 1/19/5 2/18/5 5/17/5
f 7/24/6 4/23/6 3/22/6 8/21/6
o cube
v 0.0070710678118654745 -0.0482654499110543 0.1435982114961169
v -2.6020852139652106e-18 -0.044729916005121564 0.13747448713915894
v 0.007071067811865476 -0.10888722817596502 0.10859821149611688
v -8.673617379884035e-19 -0.10535169427003228 0.10247448713915894
v -0.00707106781186548 -0.0482654499110543 0.1435982114961169
v -2.6020852139652106e-18 -0.05180098381698704 0.14972193585307483
v -0.007071067811865478 -0.10888722817596502 0.10859821149611688
v -8.673617379884035e-19 -0.11242276208189776 0.11472193585307483
vt 0 0.984375
vt 0.015625 0.984375
vt 0.015625 0.875
vt 0 0.875
vt 0 0.984375
vt 0.015625 0.984375
vt 0.015625 0.875
vt 0 0.875
vt 0 0.984375
vt 0.015625 0.984375
vt 0.015625 0.875
vt 0 0.875
vt 0 0.984375
vt 0.015625 0.984375
vt 0.015625 0.875
vt 0 0.875
vt 0 1
vt 0.015625 1
vt 0.015625 0.984375
vt 0 0.984375
vt 0 1
vt 0.015625 1
vt 0.015625 0.984375
vt 0 0.984375
vn -0.7071067811865475 0.35355339059327373 -0.6123724356957946
vn 0.7071067811865475 0.35355339059327373 -0.6123724356957946
vn 0.7071067811865475 -0.35355339059327373 0.6123724356957946
vn -0.7071067811865475 -0.35355339059327373 0.6123724356957946
vn 0 0.8660254037844388 0.49999999999999994
vn 0 -0.8660254037844388 -0.49999999999999994
usemtl m_1f6d58cf-3d69-58a6-22d6-6bef22c5ce6f
f 12/28/7 15/27/7 13/26/7 10/25/7
f 11/32/8 12/31/8 10/30/8 9/29/8
f 16/36/9 11/35/9 9/34/9 14/33/9
f 15/40/10 16/39/10 14/38/10 13/37/10
f 14/44/11 9/43/11 10/42/11 13/41/11
f 15/48/12 12/47/12 11/46/12 16/45/12
o cube
v 0.1555634918610405 0.025980762113533173 0.015000000000000003
v 0.148492424049175 0.029516296019465912 0.008876275643042057
v 0.1555634918610405 -0.034641016151377546 -0.02
v 0.148492424049175 -0.031105482245444807 -0.026123724356957947
v 0.14142135623730953 0.025980762113533173 0.015000000000000003
v 0.148492424049175 0.022445228207600434 0.02112372435695795
v 0.14142135623730953 -0.034641016151377546 -0.02
v 0.148492424049175 -0.038176550057310285 -0.013876275643042054
vt 0 0.984375
vt 0.015625 0.984375
vt 0.015625 0.875
vt 0 0.875
vt 0 0.984375
vt 0.015625 0.984375
vt 0.015625 0.875
vt 0 0.875
vt 0 0.984375
vt 0.015625 0.984375
vt 0.015625 0.875
vt 0 0.875
vt 0 0.984375
vt 0.015625 0.984375
vt 0.015625 0.875
vt 0 0.875
vt 0 1
vt 0.015625 1
vt 0.015625 0.984375
vt 0 0.984375
vt 0 1
vt 0.015625 1
vt 0.015625 0.984375
vt 0 0.984375
vn -0.7071067811865475 0.35355339059327373 -0.6123724356957946
vn 0.7071067811865475 0.35355339059327373 -0.6123724356957946
vn 0.7071067811865475 -0.35355339059327373 0.6123724356957946
vn -0.7071067811865475 -0.35355339059327373 0.6123724356957946
vn 0 0.8660254037844388 0.49999999999999994
vn 0 -0.8660254037844388 -0.49999999999999994
usemtl m_1f6d58cf-3d69-58a6-22d6-6bef22c5ce6f
f 20/52/13 23/51/13 21/50/13 18/49/13
f 19/56/14 20/55/14 18/54/14 17/53/14
f 24/60/15 19/59/15 17/58/15 22/57/15
f 23/64/16 24/63/16 22/62/16 21/61/16
f 22/68/17 17/67/17 18/66/17 21/65/17
f 23/72/18 20/71/18 19/70/18 24/69/18
o cube
v 0.0070710678118654745 0.10022697413812065 -0.11359821149611687
v -2.6020852139652106e-18 0.10376250804405338 -0.11972193585307482
v 0.007071067811865476 0.039605195873209924 -0.14859821149611688
v -8.673617379884035e-19 0.04314072977914266 -0.1547219358530748
v -0.00707106781186548 0.10022697413812065 -0.11359821149611687
v -2.6020852139652106e-18 0.0966914402321879 -0.10747448713915893
v -0.007071067811865478 0.039605195873209924 -0.14859821149611688
v -8.673617379884035e-19 0.036069661967277185 -0.14247448713915895
vt 0 0.984375
vt 0.015625 0.984375
vt 0.015625 0.875
vt 0 0.875
vt 0 0.984375
vt 0.015625 0.984375
vt 0.015625 0.875
vt 0 0.875
vt 0 0.984375
vt 0.015625 0.984375
vt 0.015625 0.875
vt 0 0.875
vt 0 0.984375
vt 0.015625 0.984375
vt 0.015625 0.875
vt 0 0.875
vt 0 1
vt 0.015625 1
vt 0.015625 0.984375
vt 0 0.984375
vt 0 1
vt 0.015625 1
vt 0.015625 0.984375
vt 0 0.984375
vn -0.7071067811865475 0.35355339059327373 -0.6123724356957946
vn 0.7071067811865475 0.35355339059327373 -0.6123724356957946
vn 0.7071067811865475 -0.35355339059327373 0.6123724356957946
vn -0.7071067811865475 -0.35355339059327373 0.6123724356957946
vn 0 0.8660254037844388 0.49999999999999994
vn 0 -0.8660254037844388 -0.49999999999999994
usemtl m_1f6d58cf-3d69-58a6-22d6-6bef22c5ce6f
f 28/76/19 31/75/19 29/74/19 26/73/19
f 27/80/20 28/79/20 26/78/20 25/77/20
f 32/84/21 27/83/21 25/82/21 30/81/21
f 31/88/22 32/87/22 30/86/22 29/85/22
f 30/92/23 25/91/23 26/90/23 29/89/23
f 31/96/24 28/95/24 27/94/24 32/93/24
o cube
v 0.16970562748477144 0.03464101615137757 0.020000000000000046
v 0 0.11949382989376325 -0.12696938456699067
v 0.16970562748477144 0.02598076211353318 0.015000000000000041
v 0 0.11083357585591888 -0.13196938456699067
v -0.16970562748477144 0.03464101615137755 0.020000000000000046
v -8.673617379884035e-19 -0.050211797591008134 0.16696938456699073
v -0.16970562748477144 0.025980762113533167 0.015000000000000041
v -8.673617379884035e-19 -0.05887205162885253 0.16196938456699073
vt 0.375 1
vt 0.75 1
vt 0.75 0.984375
vt 0.375 0.984375
vt 0.375 0.984375
vt 0.75 0.984375
vt 0.75 0.96875
vt 0.375 0.96875
vt 0.375 0.96875
vt 0.75 0.96875
vt 0.75 0.953125
vt 0.375 0.953125
vt 0.375 0.953125
vt 0.75 0.953125
vt 0.75 0.9375
vt 0.375 0.9375
vt 0.375 0.625
vt 0 0.625
vt 0 1
vt 0.375 1
vt 0.375 0.625
vt 0 0.625
vt 0 0.25
vt 0.375 0.25
vn -0.7071067811865475 0.35355339059327373 -0.6123724356957946
vn 0.7071067811865475 0.35355339059327373 -0.6123724356957946
vn 0.7071067811865475 -0.35355339059327373 0.6123724356957946
vn -0.7071067811865475 -0.35355339059327373 0.6123724356957946
vn 0 0.8660254037844388 0.49999999999999994
vn 0 -0.8660254037844388 -0.49999999999999994
usemtl m_8dc7d6a1-8e1c-2a30-2cae-dad2c0c74745
f 36/100/25 39/99/25 37/98/25 34/97/25
f 35/104/26 36/103/26 34/102/26 33/101/26
f 40/108/27 35/107/27 33/106/27 38/105/27
f 39/112/28 40/111/28 38/110/28 37/109/28
f 38/116/29 33/115/29 34/114/29 37/113/29
f 39/120/30 36/119/30 35/118/30 40/117/30